XY Plot 1
Distance [mm]
Mag_B [mTesla]
__cartesian__ 0 0 0.000000 170.051408 112.098362 470.876346
__settings__ 1 0 0 0 11 11 0 0 0 0
0 173.112
0.112098 173.818
0.224197 174.927
0.336295 176.491
0.448393 178.562
0.560492 181.191
0.67259 184.426
0.784689 188.316
0.896787 192.905
1.00889 196.018
1.12098 198.423
1.23308 201.566
1.34518 205.375
1.45728 209.779
1.56938 214.712
1.68148 220.109
1.79357 225.906
1.90567 231.548
2.01777 235.437
2.12987 239.645
2.24197 244.147
2.35407 248.916
2.46616 253.929
2.57826 259.165
2.69036 264.602
2.80246 270.221
2.91456 275.659
3.02666 280.973
3.13875 286.214
3.25085 291.365
3.36295 296.409
3.47505 301.333
3.58715 306.124
3.69925 310.77
3.81134 314.857
3.92344 318.324
4.03554 321.883
4.14764 325.516
4.25974 329.208
4.37184 332.943
4.48393 336.708
4.59603 340.489
4.70813 344.276
4.82023 347.78
4.93233 351.246
5.04443 354.676
5.15652 358.065
5.26862 361.41
5.38072 364.709
5.49282 367.957
5.60492 371.154
5.71702 373.809
5.82911 376.119
5.94121 378.449
6.05331 380.791
6.16541 383.141
6.27751 385.491
6.38961 387.835
6.50171 390.17
6.6138 392.477
6.7259 394.706
6.838 396.912
6.9501 399.093
7.0622 401.249
7.1743 403.377
7.28639 405.476
7.39849 407.546
7.51059 409.586
7.62269 411.145
7.73479 412.578
7.84689 414.02
7.95898 415.467
8.07108 416.915
8.18318 418.362
8.29528 419.805
8.40738 421.241
8.51948 422.655
8.63157 424.039
8.74367 425.413
8.85577 426.775
8.96787 428.126
9.07997 429.464
9.19207 430.79
9.30416 432.102
9.41626 433.399
9.52836 434.266
9.64046 435.128
9.75256 435.999
9.86466 436.876
9.97675 437.758
10.0889 438.642
10.201 439.527
10.313 440.411
10.4251 441.281
10.5372 442.14
10.6493 442.997
10.7614 443.851
10.8735 444.703
10.9856 445.551
11.0977 446.396
11.2098 447.237
11.3219 448.018
11.434 448.51
11.5461 449.013
11.6582 449.527
11.7703 450.048
11.8824 450.577
11.9945 451.112
12.1066 451.652
12.2187 452.195
12.3308 452.731
12.4429 453.267
12.555 453.806
12.6671 454.348
12.7792 454.894
12.8913 455.442
13.0034 455.992
13.1155 456.544
13.2276 456.994
13.3397 457.262
13.4518 457.543
13.5639 457.835
13.676 458.138
13.7881 458.45
13.9002 458.77
14.0123 459.098
14.1244 459.432
14.2365 459.764
14.3486 460.102
14.4607 460.447
14.5728 460.798
14.6849 461.155
14.797 461.518
14.9091 461.887
15.0212 462.262
15.1333 462.499
15.2454 462.63
15.3575 462.775
15.4696 462.932
15.5817 463.1
15.6938 463.28
15.8059 463.469
15.918 463.667
16.0301 463.872
16.1422 464.081
16.2543 464.299
16.3664 464.525
16.4785 464.76
16.5906 465.004
16.7027 465.256
16.8148 465.516
16.9269 465.785
17.039 465.883
17.151 465.932
17.2631 465.994
17.3752 466.07
17.4873 466.159
17.5994 466.259
17.7115 466.37
17.8236 466.491
17.9357 466.619
18.0478 466.754
18.1599 466.899
18.272 467.054
18.3841 467.218
18.4962 467.392
18.6083 467.576
18.7204 467.77
18.8325 467.973
18.9446 467.969
19.0567 467.965
19.1688 467.976
19.2809 468
19.393 468.037
19.5051 468.085
19.6172 468.145
19.7293 468.216
19.8414 468.295
19.9535 468.384
20.0656 468.484
20.1777 468.595
20.2898 468.716
20.4019 468.847
20.514 468.989
20.6261 469.141
20.7382 469.275
20.8503 469.226
20.9624 469.192
21.0745 469.173
21.1866 469.167
21.2987 469.174
21.4108 469.194
21.5229 469.225
21.635 469.267
21.7471 469.317
21.8592 469.378
21.9713 469.45
22.0834 469.533
22.1955 469.628
22.3076 469.733
22.4197 469.85
22.5318 469.977
22.6439 470.044
22.756 469.976
22.8681 469.922
22.9802 469.883
23.0923 469.858
23.2044 469.845
23.3165 469.845
23.4286 469.857
23.5407 469.879
23.6528 469.912
23.7649 469.957
23.877 470.013
23.989 470.08
24.1011 470.159
24.2132 470.249
24.3253 470.35
24.4374 470.463
24.5495 470.476
24.6616 470.4
24.7737 470.338
24.8858 470.292
24.9979 470.259
25.11 470.239
25.2221 470.232
25.3342 470.236
25.4463 470.252
25.5584 470.274
25.6705 470.308
25.7826 470.355
25.8947 470.414
26.0068 470.485
26.1189 470.568
26.231 470.663
26.3431 470.77
26.4552 470.748
26.5673 470.67
26.6794 470.594
26.7915 470.519
26.9036 470.443
27.0157 470.367
27.1278 470.288
27.2399 470.206
27.352 470.148
27.4641 470.164
27.5762 470.198
27.6883 470.249
27.8004 470.319
27.9125 470.409
28.0246 470.518
28.1367 470.649
28.2488 470.801
28.3609 470.792
28.473 470.765
28.5851 470.742
28.6972 470.721
28.8093 470.704
28.9214 470.689
29.0335 470.678
29.1456 470.67
29.2577 470.594
29.3698 470.471
29.4819 470.381
29.594 470.323
29.7061 470.296
29.8182 470.3
29.9303 470.332
30.0424 470.393
30.1545 470.477
30.2666 470.518
30.3787 470.547
30.4908 470.566
30.6029 470.574
30.715 470.572
30.827 470.561
30.9391 470.542
31.0512 470.515
31.1633 470.398
31.2754 470.272
31.3875 470.179
31.4996 470.117
31.6117 470.087
31.7238 470.086
31.8359 470.114
31.948 470.171
32.0601 470.239
32.1722 470.269
32.2843 470.288
32.3964 470.294
32.5085 470.29
32.6206 470.276
32.7327 470.252
32.8448 470.219
32.9569 470.177
33.069 470.026
33.1811 469.892
33.2932 469.791
33.4053 469.721
33.5174 469.682
33.6295 469.673
33.7416 469.692
33.8537 469.739
33.9658 469.785
34.0779 469.798
34.19 469.799
34.3021 469.787
34.4142 469.764
34.5263 469.73
34.6384 469.686
34.7505 469.633
34.8626 469.561
34.9747 469.381
35.0868 469.234
35.1989 469.119
35.311 469.036
35.4231 468.983
35.5352 468.96
35.6473 468.966
35.7594 468.998
35.8715 469.015
35.9836 469.004
36.0957 468.98
36.2078 468.942
36.3199 468.892
36.432 468.831
36.5441 468.758
36.6562 468.676
36.7683 468.555
36.8804 468.364
36.9925 468.193
37.1046 468.039
37.2167 467.9
37.3288 467.776
37.4409 467.663
37.553 467.561
37.665 467.467
37.7771 467.411
37.8892 467.355
38.0013 467.296
38.1134 467.233
38.2255 467.17
38.3376 467.106
38.4497 467.044
38.5618 466.985
38.6739 466.854
38.786 466.654
38.8981 466.481
39.0102 466.334
39.1223 466.212
39.2344 466.115
39.3465 466.042
39.4586 465.994
39.5707 465.953
39.6828 465.673
39.7949 465.406
39.907 465.15
40.0191 464.905
40.1312 464.671
40.2433 464.446
40.3554 464.229
40.4675 464.021
40.5796 463.821
40.6917 463.63
40.8038 463.449
40.9159 463.277
41.028 463.114
41.1401 462.959
41.2522 462.814
41.3643 462.677
41.4764 462.482
41.5885 462.096
41.7006 461.721
41.8127 461.354
41.9248 460.996
42.0369 460.645
42.149 460.301
42.2611 459.963
42.3732 459.631
42.4853 459.311
42.5974 458.999
42.7095 458.694
42.8216 458.396
42.9337 458.104
43.0458 457.818
43.1579 457.539
43.27 457.267
43.3821 456.867
43.4942 456.307
43.6063 455.754
43.7184 455.206
43.8305 454.663
43.9426 454.124
44.0547 453.588
44.1668 453.054
44.2789 452.522
44.391 452.004
44.503 451.489
44.6151 450.978
44.7272 450.47
44.8393 449.966
44.9514 449.465
45.0635 448.967
45.1756 448.474
45.2877 447.754
45.3998 446.907
45.5119 446.06
45.624 445.214
45.7361 444.366
45.8482 443.515
45.9603 442.662
46.0724 441.804
46.1845 440.947
46.2966 440.102
46.4087 439.257
46.5208 438.409
46.6329 437.56
46.745 436.71
46.8571 435.859
46.9692 435.006
47.0813 434.153
47.1934 432.92
47.3055 431.605
47.4176 430.281
47.5297 428.948
47.6418 427.604
47.7539 426.248
47.866 424.879
47.9781 423.496
48.0902 422.113
48.2023 420.74
48.3144 419.358
48.4265 417.968
48.5386 416.569
48.6507 415.162
48.7628 413.748
48.8749 412.327
48.987 410.884
49.0991 408.826
49.2112 406.746
49.3233 404.644
49.4354 402.517
49.5475 400.364
49.6596 398.184
49.7717 395.974
49.8838 393.735
49.9959 391.519
50.108 389.316
50.2201 387.094
50.3322 384.855
50.4443 382.6
50.5564 380.33
50.6685 378.047
50.7806 375.751
50.8927 373.247
51.0048 370.001
51.1169 366.711
51.229 363.373
51.341 359.985
51.4531 356.546
51.5652 353.055
51.6773 349.51
51.7894 345.91
51.9015 342.515
52.0136 339.146
52.1257 335.751
52.2378 332.332
52.3499 328.893
52.462 325.439
52.5741 321.975
52.6862 318.506
52.7983 314.458
52.9104 309.528
53.0225 304.517
53.1346 299.424
53.2467 294.247
53.3588 288.987
53.4709 283.646
53.583 278.225
53.6951 272.737
53.8072 268.278
53.9193 263.8
54.0314 259.32
54.1435 254.858
54.2556 250.437
54.3677 246.081
54.4798 241.821
54.5919 237.688
54.704 232.591
54.8161 226.819
54.9282 221.09
55.0403 215.429
55.1524 209.867
55.2645 204.444
55.3766 199.206
55.4887 194.21
55.6008 189.501
55.7129 185.067
55.825 181.026
55.9371 177.472
56.0492 174.5
56.1613 172.206
56.2734 170.691
56.3855 170.051
56.4976 170.388
56.6097 170.194
56.7218 170.528
56.8339 171.798
56.946 174.015
57.0581 177.177
57.1702 181.27
57.2823 186.268
57.3944 192.131
57.5065 196.379
57.6186 197.689
57.7307 199.767
57.8428 202.585
57.9549 206.111
58.067 210.311
58.1791 215.147
58.2911 220.576
58.4032 226.552
58.5153 230.443
58.6274 234.861
58.7395 239.768
58.8516 245.111
58.9637 250.84
59.0758 256.909
59.1879 263.276
59.3 269.905
59.4121 275.889
59.5242 281.101
59.6363 286.069
59.7484 290.814
59.8605 295.354
59.9726 299.711
60.0847 303.906
60.1968 307.96
60.3089 311.79
60.421 315.225
60.5331 318.827
60.6452 322.574
60.7573 326.441
60.8694 330.408
60.9815 334.455
61.0936 338.563
61.2057 342.715
61.3178 346.738
61.4299 350.566
61.542 354.221
61.6541 357.706
61.7662 361.023
61.8783 364.174
61.9904 367.163
62.1025 369.994
62.2146 372.45
62.3267 374.575
62.4388 376.802
62.5509 379.123
62.663 381.527
62.7751 384.009
62.8872 386.559
62.9993 389.17
63.1114 391.836
63.2235 394.323
63.3356 396.699
63.4477 398.97
63.5598 401.138
63.6719 403.204
63.784 405.171
63.8961 407.041
64.0082 408.815
64.1203 410.285
64.2324 411.627
64.3445 413.029
64.4566 414.487
64.5687 415.996
64.6808 417.552
64.7929 419.151
64.905 420.789
65.0171 422.442
65.1291 423.97
65.2412 425.432
65.3533 426.828
65.4654 428.16
65.5775 429.43
65.6896 430.638
65.8017 431.786
65.9138 432.875
66.0259 433.708
66.138 434.514
66.2501 435.365
66.3622 436.259
66.4743 437.192
66.5864 438.162
66.6985 439.167
66.8106 440.204
66.9227 441.236
67.0348 442.185
67.1469 443.09
67.259 443.952
67.3711 444.772
67.4832 445.551
67.5953 446.291
67.7074 446.991
67.8195 447.654
67.9316 448.092
68.0437 448.56
68.1558 449.068
68.2679 449.612
68.38 450.191
68.4921 450.804
68.6042 451.448
68.7163 452.122
68.8284 452.775
68.9405 453.372
69.0526 453.939
69.1647 454.476
69.2768 454.984
69.3889 455.465
69.501 455.918
69.6131 456.345
69.7252 456.718
69.8373 456.94
69.9494 457.199
70.0615 457.494
70.1736 457.823
70.2857 458.185
70.3978 458.579
70.5099 459.003
70.622 459.455
70.7341 459.874
70.8462 460.257
70.9583 460.616
71.0704 460.954
71.1825 461.271
71.2946 461.567
71.4067 461.843
71.5188 462.101
71.6309 462.284
71.743 462.379
71.8551 462.51
71.9671 462.674
72.0792 462.872
72.1913 463.102
72.3034 463.361
72.4155 463.65
72.5276 463.967
72.6397 464.238
72.7518 464.488
72.8639 464.719
72.976 464.934
73.0881 465.132
73.2002 465.314
73.3123 465.482
73.4244 465.634
73.5365 465.696
73.6486 465.714
73.7607 465.766
73.8728 465.852
73.9849 465.969
74.097 466.118
74.2091 466.296
74.3212 466.503
74.4333 466.73
74.5454 466.913
74.6575 467.08
74.7696 467.232
74.8817 467.37
74.9938 467.494
75.1059 467.605
75.218 467.703
75.3301 467.79
75.4422 467.77
75.5543 467.743
75.6664 467.75
75.7785 467.789
75.8906 467.86
76.0027 467.961
76.1148 468.091
76.2269 468.249
76.339 468.416
76.4511 468.546
76.5632 468.662
76.6753 468.765
76.7874 468.855
76.8995 468.935
77.0116 469.003
77.1237 469.06
77.2358 469.108
77.3479 469.033
77.46 468.981
77.5721 468.963
77.6842 468.976
77.7963 469.021
77.9084 469.096
78.0205 469.2
78.1326 469.331
78.2447 469.459
78.3568 469.556
78.4689 469.639
78.581 469.711
78.6931 469.771
78.8051 469.821
78.9172 469.861
79.0293 469.891
79.1414 469.896
79.2535 469.796
79.3656 469.73
79.4777 469.697
79.5898 469.695
79.7019 469.724
79.814 469.782
79.9261 469.87
80.0382 469.985
80.1503 470.084
80.2624 470.159
80.3745 470.223
80.4866 470.276
80.5987 470.318
80.7108 470.35
80.8229 470.373
80.935 470.387
81.0471 470.36
81.1592 470.271
81.2713 470.202
81.3834 470.152
81.4955 470.119
81.6076 470.102
81.7197 470.099
81.8318 470.108
81.9439 470.128
82.056 470.183
82.1681 470.24
82.2802 470.297
82.3923 470.354
82.5044 470.414
82.6165 470.476
82.7286 470.543
82.8407 470.616
82.9528 470.616
83.0649 470.558
83.177 470.528
83.2891 470.525
83.4012 470.548
83.5133 470.597
83.6254 470.673
83.7375 470.773
83.8496 470.876
83.9617 470.793
84.0738 470.712
84.1859 470.633
84.298 470.554
84.4101 470.474
84.5222 470.393
84.6343 470.309
84.7464 470.222
84.8585 470.193
84.9706 470.207
85.0827 470.239
85.1948 470.291
85.3069 470.363
85.419 470.456
85.5311 470.57
85.6431 470.706
85.7552 470.808
85.8673 470.782
85.9794 470.758
86.0915 470.736
86.2036 470.717
86.3157 470.7
86.4278 470.686
86.5399 470.675
86.652 470.667
86.7641 470.553
86.8762 470.445
86.9883 470.356
87.1004 470.285
87.2125 470.23
87.3246 470.19
87.4367 470.162
87.5488 470.146
87.6609 470.154
87.773 470.179
87.8851 470.203
87.9972 470.228
88.1093 470.255
88.2214 470.284
88.3335 470.317
88.4456 470.355
88.5577 470.387
88.6698 470.287
88.7819 470.214
88.894 470.168
89.0061 470.149
89.1182 470.156
89.2303 470.188
89.3424 470.246
89.4545 470.33
89.5666 470.282
89.6787 470.168
89.7908 470.055
89.9029 469.941
90.015 469.827
90.1271 469.711
90.2392 469.592
90.3513 469.47
90.4634 469.367
90.5755 469.339
90.6876 469.329
90.7997 469.338
90.9118 469.366
91.0239 469.414
91.136 469.483
91.2481 469.574
91.3602 469.687
91.4723 469.639
91.5844 469.569
91.6965 469.5
91.8086 469.432
91.9207 469.367
92.0328 469.303
92.1449 469.242
92.257 469.183
92.3691 469.054
92.4811 468.87
92.5932 468.718
92.7053 468.598
92.8174 468.509
92.9295 468.451
93.0416 468.421
93.1537 468.419
93.2658 468.439
93.3779 468.406
93.49 468.366
93.6021 468.32
93.7142 468.268
93.8263 468.212
93.9384 468.151
94.0505 468.086
94.1626 468.018
94.2747 467.808
94.3868 467.555
94.4989 467.334
94.611 467.146
94.7231 466.989
94.8352 466.863
94.9473 466.768
95.0594 466.702
95.1715 466.663
95.2836 466.62
95.3957 466.562
95.5078 466.489
95.6199 466.403
95.732 466.303
95.8441 466.191
95.9562 466.065
96.0683 465.929
96.1804 465.609
96.2925 465.291
96.4046 465.006
96.5167 464.753
96.6288 464.532
96.7409 464.342
96.853 464.182
96.9651 464.052
97.0772 463.944
97.1893 463.823
97.3014 463.684
97.4135 463.528
97.5256 463.356
97.6377 463.167
97.7498 462.963
97.8619 462.744
97.974 462.499
98.0861 462.04
98.1982 461.615
98.3103 461.223
98.4224 460.864
98.5345 460.536
98.6466 460.239
98.7587 459.973
98.8708 459.736
98.9829 459.512
99.095 459.267
99.2071 458.999
99.3191 458.709
99.4312 458.399
99.5433 458.068
99.6554 457.718
99.7675 457.349
99.8796 456.897
99.9917 456.259
100.104 455.656
100.216 455.087
100.328 454.551
100.44 454.047
100.552 453.575
100.664 453.133
100.776 452.721
100.889 452.305
101.001 451.858
101.113 451.38
101.225 450.874
101.337 450.339
101.449 449.778
101.561 449.19
101.673 448.577
101.785 447.804
101.897 446.875
102.01 445.982
102.122 445.124
102.234 444.299
102.346 443.508
102.458 442.749
102.57 442.021
102.682 441.324
102.794 440.591
102.906 439.815
103.018 438.998
103.13 438.14
103.243 437.243
103.355 436.308
103.467 435.336
103.579 434.329
103.691 433.041
103.803 431.634
103.915 430.265
104.027 428.934
104.139 427.638
104.251 426.378
104.364 425.151
104.476 423.958
104.588 422.784
104.7 421.538
104.812 420.231
104.924 418.863
105.036 417.437
105.148 415.954
105.26 414.417
105.372 412.828
105.485 411.188
105.597 409.065
105.709 406.885
105.821 404.749
105.933 402.655
106.045 400.603
106.157 398.592
106.269 396.619
106.381 394.685
106.493 392.741
106.606 390.677
106.718 388.521
106.83 386.278
106.942 383.951
107.054 381.545
107.166 379.062
107.278 376.509
107.39 373.876
107.502 370.429
107.614 367.043
107.727 363.715
107.839 360.444
107.951 357.228
108.063 354.065
108.175 350.952
108.287 347.89
108.399 344.75
108.511 341.436
108.623 338
108.735 334.451
108.848 330.801
108.96 327.061
109.072 323.243
109.184 319.362
109.296 315.185
109.408 310.123
109.52 305.154
109.632 300.268
109.744 295.458
109.856 290.717
109.968 286.038
110.081 281.417
110.193 276.847
110.305 271.975
110.417 266.957
110.529 261.895
110.641 256.829
110.753 251.804
110.865 246.872
110.977 242.089
111.089 237.52
111.202 232.822
111.314 227.717
111.426 222.736
111.538 217.847
111.65 213.027
111.762 208.255
111.874 203.52
111.986 198.813
112.098 194.132
Mag_B [mTesla]
__settings__ -1 8 2 0 1 1
