============================================================================================
ANSOFT                                                                              11/02/17
XY Plot 3                                                                           21:18:50

--------------------------------------------------------------------------------------------
     Distance [mm]        Mag_B [mTesla]
                                        
 0.000000000000000   158.416594533382410
 0.040000000000000   158.508003840190040
 0.080000000000000   158.599457985868360
 0.120000000000000   158.690956970417230
 0.160000000000000   158.782500793836850
 0.200000000000000   158.874089456127140
 0.240000000000000   158.965722957288050
 0.280000000000000   159.057401297319590
 0.320000000000000   159.149124476221770
 0.360000000000000   159.240892493994690
 0.400000000000000   159.332705350638150
 0.440000000000000   159.424563046152290
 0.480000000000000   159.516465580537070
 0.520000000000000   159.608412953792540
 0.560000000000000   159.700405165918710
 0.600000000000000   159.792442216915420
 0.640000000000000   159.884524106782830
 0.680000000000000   159.976650835520900
 0.720000000000000   160.068822403129590
 0.760000000000000   160.161038809608900
 0.800000000000000   160.253300054958970
 0.840000000000000   160.345606139179640
 0.880000000000000   160.437957062270950
 0.920000000000000   160.530352824232950
 0.960000000000000   160.622793425065510
 1.000000000000000   160.715278864768780
 1.040000000000000   160.807809143342690
 1.080000000000000   160.900384260787260
 1.120000000000000   160.993004217102420
 1.160000000000000   161.085669012288320
 1.200000000000000   161.178378646344870
 1.240000000000000   161.271133119272010
 1.280000000000000   161.363932431069880
 1.320000000000000   161.456776581738320
 1.360000000000000   161.549665571277440
 1.400000000000000   161.642599399687210
 1.440000000000000   161.735578066967630
 1.480000000000000   161.828601573118760
 1.520000000000000   161.926688551711040
 1.560000000000000   162.029758384377200
 1.600000000000000   162.132765564757250
 1.640000000000000   162.235710092851410
 1.680000000000000   162.338591968659530
 1.720000000000000   162.441411192181700
 1.760000000000000   162.544167763417820
 1.800000000000000   162.646861682368040
 1.840000000000000   162.749492949032290
 1.880000000000000   162.852061563410440
 1.920000000000000   162.954567525502680
 1.960000000000000   163.057010835309000
 2.000000000000000   163.159391492829230
 2.040000000000000   163.261709498063510
 2.080000000000000   163.363964851011810
 2.120000000000000   163.466157551674030
 2.160000000000000   163.568287600050410
 2.200000000000000   163.670354996140730
 2.240000000000000   163.772359739945130
 2.280000000000000   163.874301831463500
 2.320000000000000   163.976181270695860
 2.359999999999999   164.077998057642280
 2.400000000000000   164.179752192302660
 2.440000000000000   164.281443674677120
 2.480000000000000   164.383072504765580
 2.520000000000000   164.484638682568000
 2.560000000000000   164.586142208084540
 2.600000000000000   164.687583081315010
 2.640000000000000   164.788961302259570
 2.680000000000000   164.890276870918060
 2.720000000000000   164.991529787290550
 2.760000000000000   165.092720051377060
 2.800000000000000   165.193847663177730
 2.839999999999999   165.294912622692240
 2.880000000000000   165.395914929920910
 2.920000000000000   165.496854584863460
 2.960000000000000   165.597731587520170
 3.000000000000000   165.698545937890770
 3.040000000000000   165.820652475410440
 3.080000000000000   165.942748733012050
 3.120000000000000   166.064834710695750
 3.160000000000000   166.186910408461330
 3.200000000000000   166.308975826308990
 3.240000000000000   166.431030964238660
 3.280000000000000   166.553075822250210
 3.320000000000000   166.675110400343930
 3.359999999999999   166.797134698519440
 3.400000000000000   166.919148716777100
 3.440000000000000   167.041152455116700
 3.480000000000000   167.163145913538300
 3.520000000000000   167.285129092041900
 3.560000000000000   167.407101990627520
 3.600000000000000   167.529064609295150
 3.640000000000000   167.651016948044740
 3.680000000000000   167.772959006876330
 3.720000000000000   167.894890785789950
 3.760000000000000   168.016812284785520
 3.800000000000000   168.138723503863100
 3.839999999999999   168.260624443022610
 3.880000000000000   168.382515102264250
 3.920000000000000   168.504395481587860
 3.960000000000000   168.626265580993390
 4.000000000000000   168.748125400480890
 4.040000000000000   168.869974940050530
 4.080000000000000   168.991814199702020
 4.120000000000000   169.113643179435570
 4.160000000000000   169.235461879251090
 4.200000000000000   169.357270299148640
 4.239999999999999   169.479068439128210
 4.280000000000000   169.600856299189730
 4.320000000000000   169.722633879333220
 4.360000000000000   169.844401179558760
 4.400000000000000   169.966158199866330
 4.440000000000000   170.087904940255870
 4.480000000000000   170.209641400727320
 4.520000000000001   170.331367581280920
 4.560000000000001   170.453083481916390
 4.600000000000001   170.574789102633840
 4.640000000000000   170.696484443433320
 4.680000000000000   170.818169504314880
 4.719999999999999   170.939844285278330
 4.760000000000000   171.061508786323860
 4.800000000000000   171.183163007451330
 4.840000000000000   171.304806948660800
 4.880000000000000   171.426440609952270
 4.920000000000000   171.548063991325730
 4.960000000000000   171.669677092781230
 5.000000000000000   171.791279914318720
 5.040000000000000   171.912872455938130
 5.080000000000000   172.034454717639680
 5.120000000000000   172.156026699423020
 5.160000000000000   172.277588401288450
 5.199999999999999   172.399139823235970
 5.239999999999999   172.520680965265370
 5.280000000000000   172.642211827376850
 5.320000000000000   172.763732409570220
 5.360000000000000   172.885242711845710
 5.400000000000000   173.006742734203100
 5.440000000000000   173.128232476642490
 5.480000000000000   173.249711939163940
 5.520000000000001   173.371181121767340
 5.560000000000001   173.492640024452780
 5.600000000000001   173.614088647220170
 5.640000000000000   173.735526990069530
 5.679999999999999   173.856955053001030
 5.719999999999999   173.978372836014360
 5.760000000000000   174.099780339109830
 5.800000000000000   174.221177562287150
 5.840000000000000   174.342564505546590
 5.880000000000000   174.463941168887940
 5.920000000000000   174.585307552311290
 5.960000000000000   174.706663655816700
 6.000000000000000   174.828009479404020
 6.040000000000000   174.990944527848280
 6.080000000000000   175.154159287005090
 6.120000000000000   175.317653756874360
 6.160000000000000   175.481427937456120
 6.199999999999999   175.645481828750430
 6.239999999999999   175.809815430757230
 6.280000000000000   175.974428743476490
 6.320000000000000   176.139321766908270
 6.360000000000000   176.304494501052570
 6.400000000000000   176.469946945909380
 6.440000000000000   176.635679101478670
 6.480000000000000   176.801690967760460
 6.520000000000001   176.967982544754760
 6.560000000000001   177.134553832461560
 6.600000000000001   177.301404830880950
 6.640000000000001   177.468535540012740
 6.679999999999999   177.635945959857050
 6.719999999999999   177.803636090413870
 6.760000000000000   177.971605931683200
 6.800000000000000   178.139855483665000
 6.840000000000000   178.308384746359370
 6.880000000000000   178.477193719766230
 6.920000000000000   178.646282403885580
 6.960000000000000   178.815650798717400
 7.000000000000000   178.985298904261670
 7.040000000000000   179.155226720518530
 7.080000000000000   179.325434247487860
 7.120000000000000   179.495921485169730
 7.160000000000000   179.666688433564190
 7.199999999999999   179.837735092671040
 7.239999999999999   180.009061462490390
 7.280000000000000   180.180667543022250
 7.320000000000000   180.352553334266640
 7.360000000000000   180.524718836223510
 7.400000000000000   180.697164048892860
 7.440000000000000   180.869888972274740
 7.480000000000000   181.042893606369180
 7.520000000000001   181.216177951176040
 7.560000000000001   181.389742006695430
 7.600000000000001   181.563585772927350
 7.640000000000001   181.737709249871780
 7.679999999999999   181.912112437528660
 7.719999999999999   182.086795335897990
 7.760000000000000   182.261757944979960
 7.800000000000000   182.437000264774350
 7.840000000000000   182.612522295281310
 7.880000000000000   182.788324036500650
 7.920000000000000   182.964405488432560
 7.960000000000000   183.140766651077030
 8.000000000000000   183.317407524434030
 8.040000000000001   183.494328108503420
 8.080000000000000   183.671528403285320
 8.120000000000001   183.849008408779700
 8.160000000000000   184.026768124986750
 8.199999999999999   184.204807551906210
 8.240000000000000   184.383126689538160
 8.279999999999999   184.561725537882520
 8.320000000000000   184.740604096939450
 8.359999999999999   184.919762366708990
 8.400000000000000   185.099200347190900
 8.440000000000000   185.278918038385400
 8.479999999999999   185.458915440292290
 8.520000000000000   185.639192552911770
 8.560000000000001   185.819749376243810
 8.600000000000000   186.000585910288350
 8.640000000000001   186.181702155045310
 8.680000000000000   186.363098110514700
 8.720000000000001   186.544773776696730
 8.760000000000000   186.726729153591240
 8.800000000000001   186.908964241198250
 8.840000000000000   187.091479039517680
 8.880000000000001   187.274273548549730
 8.919999999999998   187.457347768294200
 8.960000000000001   187.640701698751170
 9.000000000000000   187.824335339920680
 9.040000000000001   188.008248691802750
 9.080000000000000   188.192441754397270
 9.120000000000001   188.376914527704230
 9.160000000000000   188.561667011723760
 9.200000000000001   188.746699206455820
 9.240000000000000   188.932011111900350
 9.279999999999999   189.117602728057420
 9.320000000000000   189.303474054926910
 9.359999999999999   189.489625092508900
 9.400000000000000   189.676055840803430
 9.439999999999998   189.862766299810540
 9.480000000000000   190.049756469530140
 9.520000000000000   190.237026349962150
 9.560000000000001   190.424575941106700
 9.600000000000000   190.612405242963750
 9.640000000000001   190.800514255533300
 9.680000000000000   190.988902978815420
 9.720000000000001   191.177571412809950
 9.760000000000000   191.366519557517020
 9.800000000000001   191.555747412936650
 9.840000000000000   191.745254979068590
 9.880000000000001   191.935042255913290
 9.920000000000000   192.125109243470350
 9.959999999999999   192.315455941739970
10.000000000000000   192.506082350722070
10.040000000000001   192.696988470416640
10.080000000000000   192.888174300823720
10.120000000000001   193.079639841943250
10.160000000000000   193.271385093775360
10.200000000000001   193.463410056320040
10.240000000000000   193.655714729577140
10.279999999999999   193.848299113546720
10.320000000000000   194.041163208228880
10.359999999999999   194.234307013623490
10.399999999999999   194.427730529730550
10.440000000000000   194.621433756550200
10.479999999999999   194.815416694082330
10.520000000000000   195.009679342326930
10.560000000000000   195.204221701284130
10.600000000000000   195.399043770953710
10.640000000000001   195.594145551335910
10.680000000000000   195.789527042430560
10.720000000000001   195.985188244237690
10.760000000000000   196.181129156757380
10.800000000000001   196.377349779989520
10.840000000000000   196.573850113934160
10.880000000000001   196.770630158591300
10.919999999999998   196.967689913960950
10.960000000000001   197.165029380043110
11.000000000000000   197.362648556837740
11.040000000000001   197.560547444344960
11.080000000000000   197.758726042564660
11.120000000000001   197.957184351496890
11.160000000000000   198.155922371141570
11.200000000000001   198.354940101498730
11.240000000000000   198.554237542568470
11.279999999999999   198.753814694350670
11.320000000000000   198.953671556845310
11.359999999999998   199.153808130052510
11.400000000000000   199.354224413972220
11.439999999999998   199.554920408604460
11.480000000000000   199.755896113949150
11.520000000000000   199.957151530006340
11.560000000000000   200.158686656776040
11.600000000000000   200.360501494258300
11.640000000000001   200.562596042453040
11.680000000000000   200.764970301360220
11.720000000000001   200.967624270979970
11.760000000000000   201.170557951312160
11.800000000000001   201.373771342356920
11.840000000000000   201.577264444114180
11.879999999999999   201.781037256583890
11.920000000000000   201.985089779766180
11.959999999999999   202.189422013660900
12.000000000000000   202.394033958268150
12.040000000000001   202.668704253619750
12.080000000000000   202.943926535603480
12.120000000000001   203.219700804219340
12.160000000000000   203.496027059467220
12.200000000000001   203.772905301347270
12.240000000000000   204.050335529859440
12.280000000000001   204.328317745003770
12.320000000000000   204.606851946780150
12.359999999999999   204.885938135188670
12.399999999999999   205.165576310229310
12.440000000000000   205.445766471901980
12.479999999999999   205.726508620206860
12.520000000000000   206.007802755143790
12.560000000000000   206.289648876712930
12.600000000000000   206.572046984914070
12.640000000000001   206.854997079747420
12.680000000000000   207.138499161212820
12.720000000000001   207.422553229310350
12.760000000000000   207.707159284040050
12.800000000000001   207.992317325401730
12.840000000000000   208.278027353395690
12.880000000000001   208.564289368021690
12.919999999999998   208.851103369279740
12.960000000000001   209.138469357169950
13.000000000000000   209.426387331692180
13.040000000000001   209.714857292846600
13.080000000000000   210.003879240633180
13.120000000000001   210.293453175051890
13.160000000000000   210.583579096102710
13.200000000000001   210.874257003785540
13.240000000000000   211.165486898100540
13.280000000000001   211.457268779047690
13.320000000000000   211.749602646626950
13.359999999999998   212.042488500838290
13.400000000000000   212.335926341681670
13.439999999999998   212.629916169157300
13.480000000000000   212.924457983264940
13.520000000000000   213.219551784004810
13.560000000000000   213.515197571376720
13.600000000000000   213.811395345380670
13.640000000000001   214.108145106016820
13.680000000000000   214.405446853285160
13.720000000000001   214.703300587185450
13.760000000000000   215.001706307717970
13.800000000000001   215.300664014882530
13.840000000000000   215.600173708679190
13.879999999999999   215.900235389107990
13.920000000000000   216.200849056168950
13.959999999999999   216.502014709862100
14.000000000000000   216.803732350187260
14.040000000000001   217.106001977144530
14.080000000000000   217.408823590733850
14.120000000000001   217.712197190955350
14.160000000000000   218.016122777808900
14.200000000000001   218.320600351294760
14.240000000000000   218.625629911412490
14.280000000000001   218.931211458162520
14.320000000000000   219.237344991544630
14.359999999999999   219.544030511558730
14.399999999999999   219.851268018205020
14.440000000000000   220.159057511483440
14.479999999999999   220.467398991393960
14.520000000000000   220.776292457936680
14.560000000000000   221.085737911111320
14.600000000000000   221.395735350918190
14.640000000000001   221.706284777357150
14.680000000000000   222.017386190428250
14.720000000000001   222.329039590131490
14.760000000000000   222.641244976466790
14.800000000000001   222.954002349434180
14.839999999999998   223.267311709033720
14.880000000000001   223.581173055265400
14.919999999999998   223.895586388129200
14.960000000000001   224.210551707625090
15.000000000000000   224.526069013753020
15.040000000000001   224.842138306513140
15.080000000000000   225.158759585905390
15.120000000000001   225.475932851929740
15.160000000000000   225.793658104586170
15.200000000000001   226.111935343874730
15.240000000000000   226.430764569795490
15.280000000000001   226.750145782348230
15.320000000000000   227.070078981533100
15.359999999999998   227.390564167350160
15.400000000000000   227.711601339799220
15.439999999999998   228.033190498880510
15.480000000000000   228.355331644593800
15.520000000000000   228.678024776939250
15.560000000000000   229.001269895916950
15.600000000000000   229.325067001526630
15.640000000000001   229.649416093768420
15.680000000000000   229.974317172642290
15.720000000000001   230.299770238148310
15.760000000000000   230.625775290286550
15.800000000000001   230.952332329056870
15.840000000000000   231.279441354459240
15.880000000000001   231.607102366493730
15.920000000000000   231.935315365160310
15.960000000000001   232.264080350459040
16.000000000000000   232.593397322389900
16.039999999999999   232.923266280952790
16.080000000000002   233.253687226147830
16.120000000000001   233.584660157974950
16.160000000000000   233.916185076434230
16.199999999999999   234.248261981525700
16.240000000000002   234.580890873249220
16.280000000000001   234.914071751604890
16.320000000000000   235.247804616592650
16.359999999999999   235.582089468212440
16.399999999999999   235.916926306464380
16.439999999999998   236.252315131348410
16.480000000000000   236.588255942864660
16.520000000000000   236.924748741012910
16.559999999999999   237.261793525793280
16.600000000000001   237.599390297205870
16.640000000000001   237.937539055250570
16.680000000000000   238.276239799927310
16.719999999999999   238.615492531236190
16.760000000000002   238.955297249177140
16.800000000000001   239.295653953750390
16.840000000000000   239.636562644955520
16.879999999999999   239.978023322792890
16.920000000000002   240.320035987262260
16.959999999999997   240.662600638363810
17.000000000000000   241.005717276097440
17.039999999999999   241.349385900463260
17.080000000000002   241.693606511461130
17.120000000000001   242.038379109091240
17.160000000000000   242.383703693353370
17.199999999999999   242.729580264247550
17.240000000000002   243.076008821773880
17.280000000000001   243.422989365932320
17.319999999999997   243.770521896722930
17.359999999999999   244.118606414145600
17.400000000000002   244.467242918200500
17.440000000000001   244.816431408887330
17.479999999999997   245.166171886206310
17.520000000000000   245.516464350157490
17.559999999999999   245.867308800740720
17.600000000000001   246.218705237956100
17.640000000000001   246.570653661803530
17.680000000000000   246.923154072283240
17.719999999999999   247.276206469394910
17.760000000000002   247.629810853138710
17.800000000000001   247.983967223514670
17.839999999999996   248.338675580522680
17.879999999999999   248.693935924162870
17.920000000000002   249.049748254435200
17.960000000000001   249.406112571339580
18.000000000000000   249.763028874876060
18.039999999999999   250.223014929288780
18.080000000000002   250.683370504278910
18.120000000000001   251.144095599846680
18.160000000000000   251.605190215991910
18.199999999999999   252.066654352714750
18.240000000000002   252.528488010014910
18.280000000000001   252.990691187892620
18.320000000000000   253.453263886347910
18.359999999999996   253.916206105380670
18.400000000000002   254.379517844990970
18.440000000000001   254.843199105178710
18.480000000000000   255.307249885944000
18.520000000000000   255.771670187286670
18.559999999999999   256.236460009207010
18.600000000000001   256.701619351704780
18.640000000000001   257.167148214780010
18.680000000000000   257.633046598432880
18.719999999999999   258.099314502663160
18.760000000000002   258.565951927470960
18.800000000000001   259.032958872856230
18.840000000000000   259.500335338819130
18.879999999999995   259.968081325359320
18.920000000000002   260.436196832477210
18.960000000000001   260.904681860172670
19.000000000000000   261.373536408445320
19.039999999999999   261.842760477295600
19.080000000000002   262.312354066723570
19.120000000000001   262.782317176729010
19.160000000000000   263.252649807311800
19.199999999999999   263.723351958471990
19.240000000000002   264.194423630210000
19.280000000000001   264.665864822525350
19.320000000000000   265.137675535418280
19.359999999999999   265.609855768888740
19.399999999999999   266.082405522936600
19.440000000000001   266.555324797561810
19.480000000000000   267.028613592764830
19.520000000000000   267.502271908545200
19.559999999999999   267.976299744902970
19.600000000000001   268.450697101838610
19.640000000000001   268.925463979351490
19.680000000000000   269.400600377441830
19.719999999999999   269.876106296109700
19.760000000000002   270.351981735355140
19.800000000000001   270.828226695178160
19.840000000000000   271.304841175578640
19.879999999999999   271.781825176556480
19.919999999999998   272.259178698112010
19.960000000000001   272.736901740244830
20.000000000000000   273.214994302955350
20.039999999999999   273.693456386243270
20.080000000000002   274.172287990108660
20.120000000000001   274.651489114551740
20.160000000000000   275.131059759572220
20.199999999999999   275.610999925170290
20.240000000000002   276.091309611345820
20.279999999999998   276.571988818098700
20.320000000000000   277.053037545429220
20.359999999999999   277.534455793337260
20.400000000000002   278.016243561822650
20.439999999999998   278.498400850885730
20.480000000000000   278.980927660526280
20.520000000000000   279.463823990744290
20.559999999999999   279.947089841539820
20.600000000000001   280.430725212912760
20.640000000000001   280.914730104863390
20.680000000000000   281.399104517391380
20.719999999999999   281.883848450496940
20.760000000000002   282.368961904179910
20.799999999999997   282.854444878440630
20.840000000000000   283.340297373278700
20.879999999999999   283.826519388694180
20.920000000000002   284.313110924687120
20.959999999999997   284.800071981257870
21.000000000000000   285.287402558405920
21.039999999999999   285.850869640153750
21.080000000000002   286.414576574013670
21.120000000000001   286.978523359985270
21.160000000000000   287.542709998068800
21.199999999999999   288.107136488264360
21.240000000000002   288.671802830571890
21.280000000000001   289.236709024991340
21.319999999999997   289.801855071522650
21.359999999999999   290.367240970165880
21.400000000000002   290.932866720920970
21.440000000000001   291.498732323788150
21.479999999999997   292.064837778767130
21.520000000000000   292.631183085858080
21.559999999999999   293.197768245060960
21.600000000000001   293.764593256375630
21.640000000000001   294.331658119802340
21.680000000000000   294.898962835340910
21.719999999999999   295.466507402991450
21.760000000000002   296.034291822753970
21.800000000000001   296.602316094628350
21.839999999999996   297.170580218614820
21.879999999999999   297.739084194712920
21.920000000000002   298.307828022923050
21.960000000000001   298.876811703245210
22.000000000000000   299.446035235679180
22.039999999999999   300.015498620225120
22.080000000000002   300.585201856882970
22.120000000000001   301.155144945652750
22.160000000000000   301.725327886534440
22.199999999999999   302.295750679528110
22.240000000000002   302.866413324633580
22.280000000000001   303.437315821851090
22.320000000000000   304.008458171180510
22.359999999999996   304.579840372621730
22.400000000000002   305.151462426174990
22.440000000000001   305.723324331840100
22.480000000000000   306.295426089617370
22.520000000000000   306.889329289679380
22.559999999999999   307.504947340725720
22.600000000000001   308.120689788816150
22.640000000000001   308.736556633950500
22.680000000000000   309.352547876129050
22.719999999999995   309.968663515351350
22.760000000000002   310.584903551617860
22.800000000000001   311.201267984928220
22.840000000000000   311.817756815282680
22.879999999999995   312.434370042681510
22.920000000000002   313.051107667123920
22.960000000000001   313.667969688610410
23.000000000000000   314.284956107141060
23.039999999999999   314.902066922715730
23.080000000000002   315.519302135334390
23.120000000000001   316.136661744997070
23.160000000000000   316.754145751703560
23.199999999999999   317.371754155454370
23.240000000000002   317.989486956249100
23.280000000000001   318.625860850365310
23.320000000000000   319.268278914404050
23.359999999999999   319.910532850670170
23.399999999999999   320.552622659163890
23.440000000000001   321.194548339885270
23.480000000000000   321.836309892834210
23.520000000000000   322.477907318010980
23.559999999999999   323.119340615415130
23.600000000000001   323.760609785047050
23.640000000000001   324.406004404739920
23.680000000000000   325.059212133144680
23.719999999999999   325.713460010279900
23.759999999999998   326.368748036145690
23.800000000000001   327.025076210741700
23.840000000000000   327.682444534068400
23.879999999999999   328.340853006125370
23.919999999999998   329.000301626912860
23.960000000000001   329.660790396430740
24.000000000000000   330.322319314679080
24.039999999999999   329.029852992895310
24.080000000000002   327.746566933751980
24.120000000000001   326.463896788097260
24.160000000000000   325.181842555931440
24.199999999999999   323.900404237254520
24.240000000000002   322.619581832066330
24.279999999999998   321.339375340366810
24.320000000000000   320.059784762156260
24.359999999999999   318.780810097434600
24.400000000000002   317.502451346201610
24.439999999999998   316.225788368753570
24.480000000000000   314.965560591967740
24.520000000000000   313.705236037345570
24.560000000000002   312.444814704886430
24.600000000000001   311.184296594590480
24.640000000000001   309.923681706457900
24.680000000000000   308.662970040488570
24.719999999999999   307.402161596682670
24.760000000000002   306.141256375039800
24.799999999999997   304.880254375560180
24.840000000000000   303.619155598243820
24.879999999999999   302.360936265413610
24.920000000000002   301.123695177615840
24.959999999999997   299.886786585956770
25.000000000000000   298.650210490436000
25.039999999999999   297.413966891053860
25.080000000000002   296.178055787809970
25.120000000000001   294.942477180704540
25.160000000000000   293.707231069737590
25.199999999999999   292.472317454909330
25.240000000000002   291.237736336219370
25.280000000000001   290.003487713667710
25.319999999999997   288.769571587254750
25.359999999999999   287.535987956979970
25.400000000000002   286.302736822843940
25.440000000000001   285.069818184846210
25.479999999999997   283.837232042987130
25.520000000000000   282.604978397266510
25.560000000000002   281.373057247684020
25.600000000000001   280.141468594240220
25.640000000000001   278.910212436934840
25.680000000000000   277.679288775767930
25.719999999999999   276.448697610739540
25.760000000000002   275.228727150870670
25.800000000000001   274.040014706311010
25.839999999999996   272.851732185261480
25.879999999999999   271.663879587722190
25.920000000000002   270.476456913693370
25.960000000000001   269.289464163174670
26.000000000000000   268.102901336166100
26.039999999999999   266.916768432667940
26.080000000000002   265.731065452679840
26.120000000000001   264.545792396202100
26.160000000000000   263.360949263234490
26.199999999999996   262.176536053777110
26.240000000000002   260.992552767829980
26.280000000000001   259.808999405393080
26.320000000000000   258.625875966466590
26.359999999999996   257.443182451050120
26.400000000000002   256.260918859143940
26.440000000000001   255.079085190748120
26.480000000000000   253.897681445862390
26.520000000000000   252.716707624486870
26.560000000000002   251.536163726621680
26.600000000000001   250.356049752266670
26.640000000000001   249.176365701421900
26.680000000000000   247.997111574087480
26.719999999999995   246.818287370263160
26.760000000000002   245.639893089949060
26.800000000000001   244.461928733145240
26.840000000000000   243.284394299851580
26.879999999999995   242.107289790068250
26.920000000000002   240.930615203795100
26.960000000000001   239.754370541032300
27.000000000000000   238.578555801779600
27.039999999999999   237.403170986037170
27.080000000000002   236.228216093805090
27.120000000000001   235.053691125083130
27.160000000000000   233.879596079871360
27.199999999999999   232.705930958169830
27.239999999999998   231.532695759978620
27.280000000000001   230.359890485297630
27.320000000000000   229.187515134126840
27.359999999999999   228.015569706466210
27.399999999999999   226.844054202316020
27.440000000000001   225.672968621675840
27.480000000000000   224.502312964545980
27.520000000000000   223.359310076832740
27.560000000000002   222.244190297162450
27.600000000000001   221.129807559171350
27.640000000000001   220.016161862859550
27.680000000000000   218.903253208226830
27.719999999999999   217.791081595273400
27.759999999999998   216.679647023999420
27.800000000000001   215.568949494404480
27.840000000000000   214.458989006488740
27.879999999999999   213.349765560252110
27.919999999999998   212.241279155694880
27.960000000000001   211.133529792816770
28.000000000000000   210.026517471617920
28.039999999999999   208.920242192098300
28.080000000000002   207.814703954257910
28.120000000000001   206.709902758096690
28.160000000000000   205.605838603614760
28.199999999999999   204.502511490812000
28.240000000000002   203.399921419688500
28.279999999999998   202.298068390244230
28.320000000000000   201.196952402479040
28.359999999999999   200.096573456393370
28.400000000000002   198.996931551986710
28.439999999999998   197.898026689259320
28.480000000000000   196.799858868211120
28.520000000000000   195.702428088842080
28.560000000000002   194.605734351152360
28.600000000000001   193.509777655141930
28.640000000000001   192.414558000810590
28.680000000000000   191.320075388158530
28.719999999999999   190.226329817185640
28.760000000000002   189.133321287891990
28.799999999999997   188.041049800277650
28.840000000000000   186.949515354342340
28.879999999999999   185.858717950086400
28.920000000000002   184.768657587509690
28.959999999999997   183.679334266612190
29.000000000000000   182.590747987393770
29.039999999999999   181.502898749854750
29.080000000000002   180.415786553994990
29.120000000000001   179.329411399814320
29.159999999999997   178.243773287312820
29.199999999999999   177.158872216490660
29.240000000000002   176.074708187347800
29.280000000000001   174.991281199883960
29.319999999999997   173.908591254099430
29.359999999999999   172.826638349994080
29.400000000000002   171.745422487568050
29.440000000000001   170.664943666821270
29.479999999999997   169.585201887753580
29.520000000000000   168.506197150365180
29.560000000000002   167.427929454655920
29.600000000000001   166.350398800625900
29.640000000000001   165.273605188275160
29.679999999999996   164.197548617603640
29.719999999999999   163.122229088611420
29.760000000000002   162.047646601298340
29.800000000000001   160.973801155664400
29.839999999999996   159.900692751709840
29.879999999999999   158.828321389434280
29.920000000000002   157.756687068838090
29.960000000000001   156.685789789921130
30.000000000000000   155.615629552683460
30.039999999999999   154.546206357124930
30.080000000000002   153.477520203245600
30.120000000000001   152.409571091045540
30.160000000000000   151.342359020524550
30.199999999999996   150.275883991682970
30.240000000000002   149.210146004520420
30.280000000000001   148.145145059037280
30.320000000000000   147.080881155233300
30.359999999999996   146.017354293108640
30.400000000000002   144.954564472663090
30.440000000000001   143.892511693896720
30.480000000000000   142.831195956809610
30.520000000000000   141.770617261401780
30.560000000000002   140.710775607673130
30.600000000000001   139.651670995623700
30.640000000000001   138.593303425253540
30.680000000000000   137.535672896562570
30.719999999999995   136.478779409550780
30.760000000000002   135.422622964218140
30.800000000000001   134.367203560564890
30.840000000000000   133.312521198590760
30.879999999999995   132.258575878295830
30.920000000000002   131.205367599680190
30.960000000000001   130.152896362743800
31.000000000000000   129.101162167486420
31.039999999999999   128.077146968469980
31.080000000000002   127.053904638685010
31.120000000000001   126.031435178132000
31.160000000000000   125.009738586810770
31.199999999999999   123.988814864721280
31.239999999999998   122.968664011863790
31.280000000000001   121.949286028237940
31.320000000000000   120.930680913844070
31.359999999999999   119.912848668681870
31.400000000000002   118.895789292751540
31.440000000000001   117.879502786053070
31.480000000000000   116.863989148586370
31.520000000000000   115.849248380351370
31.560000000000006   114.835280481348380
31.600000000000001   113.822085451577220
31.640000000000001   112.809663291037790
31.680000000000000   111.798013999730260
31.720000000000006   110.787137577654390
31.760000000000002   109.777034024810420
31.800000000000001   108.767703341198340
31.840000000000000   107.759145526817970
31.879999999999999   106.751360581669460
31.920000000000002   105.744348505752780
31.960000000000001   104.738109299067920
32.000000000000000   103.732642961614890
32.039999999999999   102.727949493393710
32.079999999999998   101.724028894404310
32.119999999999997   100.720881164646580
32.160000000000004    99.718506304120794
32.199999999999996    98.716904312826841
32.240000000000002    97.716075190764727
32.280000000000001    96.716018937934436
32.320000000000000    95.716735554335941
32.359999999999999    94.718225039969298
32.399999999999999    93.720487394834251
32.439999999999998    92.723522618931241
32.480000000000004    91.727330712260027
32.520000000000003    90.731911674820779
32.560000000000002    89.737265506613227
32.600000000000001    88.743392207637456
32.640000000000001    87.750291777893338
32.680000000000000    86.757964217381215
32.719999999999999    85.766409526100915
32.759999999999998    84.775627704052454
32.799999999999997    83.785618751235759
32.840000000000003    82.796382667650903
32.879999999999995    81.807919453297899
32.920000000000002    80.820229108176491
32.960000000000001    79.833311632287106
33.000000000000000    78.847167025629517
33.039999999999999    77.861795288203808
33.079999999999998    76.877196420009838
33.119999999999997    75.893370421047706
33.160000000000004    74.910317291317412
33.200000000000003    73.928037030818913
33.239999999999995    72.946529639552267
33.280000000000001    71.965795117517231
33.320000000000000    70.985833464714190
33.359999999999999    70.013123656778234
33.399999999999999    69.046466898852429
33.439999999999998    68.083031841711275
33.480000000000004    67.122818485354799
33.520000000000003    66.165826829782972
33.560000000000002    65.212056874995639
33.600000000000001    64.261508620993183
33.640000000000001    63.314182067775349
33.680000000000000    62.370077215342235
33.719999999999999    61.429194063693750
33.759999999999998    60.491532612829950
33.799999999999997    59.557092862750814
33.840000000000003    58.625874813456342
33.880000000000003    57.697878464946520
33.919999999999995    56.773103817221227
33.960000000000001    55.851550870280768
34.000000000000000    54.933219624124945
34.039999999999999    54.018110078753807
34.079999999999998    53.106222234167333
34.119999999999997    52.197556090365531
34.160000000000004    51.292111647348399
34.200000000000003    50.389888905115775
34.240000000000002    49.490887863667950
34.279999999999994    48.595108523004861
34.320000000000000    47.702550883126385
34.359999999999999    46.813214944032595
34.399999999999999    45.927100705723468
34.439999999999998    45.044208168198999
34.480000000000004    44.164537331459208
34.520000000000003    43.266284428321576
34.560000000000002    42.360081176370336
34.600000000000001    41.471275248649846
34.639999999999993    40.599866645159899
34.680000000000000    39.745855365900532
34.719999999999999    38.909241410871715
34.759999999999998    38.090024780073485
34.800000000000004    37.288205473505784
34.840000000000003    36.503783491168505
34.880000000000003    35.736758833061963
34.920000000000002    34.987131499185942
34.959999999999994    34.254901489540501
35.000000000000000    33.540068804125603
35.039999999999999    32.842633442941271
35.079999999999998    32.162595405987510
35.119999999999997    31.499954693264304
35.160000000000004    30.854711304771659
35.200000000000003    30.226865240509476
35.240000000000002    29.616416500477964
35.280000000000001    29.023365084677010
35.319999999999993    28.447710993106618
35.359999999999999    27.889454225766773
35.399999999999999    27.348594782657504
35.439999999999998    26.825132663778781
35.480000000000004    26.319067869130542
35.520000000000003    25.830400398712946
35.560000000000002    25.359130252525922
35.600000000000001    24.905257430569460
35.640000000000001    24.468781932843555
35.679999999999993    24.093469561792073
35.719999999999999    23.836078588770846
35.759999999999998    23.615573643348064
35.800000000000004    23.431954725523710
35.840000000000003    23.285221835297769
35.880000000000003    23.175374972670301
35.920000000000002    23.102414137641265
35.960000000000001    23.066339330210663
36.000000000000000    23.067150550378493
36.039999999999999    23.104847798144778
36.079999999999998    23.179431073509480
36.119999999999997    23.290900376472642
36.160000000000004    23.439255707034228
36.200000000000003    23.624497065194252
36.240000000000002    23.846624450952714
36.280000000000001    24.105637864309603
36.320000000000000    24.401537305264931
36.359999999999992    24.734322773818693
36.399999999999999    25.103994269970904
36.439999999999998    25.510551793721540
36.480000000000004    25.953995345070698
36.520000000000003    26.434324924018210
36.560000000000002    26.951540530564163
36.600000000000001    27.505642164708547
36.640000000000001    28.096629826451370
36.680000000000000    28.724503515792634
36.719999999999992    29.389263232732343
36.759999999999998    30.090908977270605
36.800000000000004    30.829440749407176
36.840000000000003    31.590789862145723
36.880000000000003    32.303487977278827
36.920000000000002    33.027025965344734
36.960000000000001    33.761403826343496
37.000000000000000    34.506621560275065
37.039999999999999    35.262679167139474
37.079999999999991    36.029576646936690
37.119999999999997    36.807313999666881
37.160000000000004    37.595891225329765
37.200000000000003    38.395308323925477
37.240000000000002    39.205565295453994
37.280000000000001    40.026662139915345
37.320000000000000    40.858598857309538
37.359999999999999    41.701375447636536
37.399999999999991    42.554991910896533
37.439999999999998    43.413766058582638
37.480000000000004    44.274919069998056
37.520000000000003    45.141351150395799
37.560000000000002    46.013062299776109
37.600000000000001    46.890052518138909
37.640000000000001    47.772321805484289
37.680000000000000    48.659870161811973
37.719999999999999    49.552673685621052
37.759999999999991    50.449589435483162
37.800000000000004    51.350067408247540
37.840000000000003    52.254107603914115
37.880000000000003    53.161710022482922
37.920000000000002    54.072874663954096
37.960000000000001    54.987601528327389
38.000000000000000    55.905890615602907
38.039999999999999    55.043594248052273
38.079999999999998    54.182042563646768
38.119999999999990    53.323824503798136
38.160000000000004    52.468940068506434
38.200000000000003    51.617389257771599
38.240000000000002    50.769172071593744
38.280000000000001    49.923177382526369
38.320000000000000    49.081181248612879
38.359999999999999    48.243701946584530
38.399999999999999    47.410739476441336
38.439999999999998    46.582293838183311
38.480000000000004    45.758365031810428
38.520000000000003    44.936841522859929
38.560000000000002    44.119824439971424
38.600000000000001    43.310125693821270
38.640000000000001    42.507745284409310
38.680000000000000    41.712683211735587
38.719999999999999    40.924939475800073
38.759999999999998    40.144514076602746
38.799999999999997    39.371407014143642
38.840000000000003    38.605618288422747
38.880000000000003    37.847147899440053
38.920000000000002    37.095995847195447
38.960000000000001    36.352162131689170
39.000000000000000    35.615646752921116
39.039999999999999    34.885496691352479
39.079999999999998    34.170865728191544
39.119999999999997    33.471753863438302
39.159999999999997    32.788161097092754
39.200000000000003    32.120087429154800
39.240000000000002    31.467532859624640
39.280000000000001    30.830497388502199
39.320000000000000    30.208981015787444
39.359999999999999    29.602983741480379
39.399999999999999    29.012505565581023
39.439999999999998    28.437546488089371
39.479999999999997    27.878106509005406
39.520000000000003    27.340275010198724
39.560000000000002    26.832224264451607
39.600000000000001    26.350588980822156
39.640000000000001    25.895369159310253
39.680000000000000    25.466564799915901
39.719999999999999    25.064175902639114
39.759999999999998    24.688921745216007
39.800000000000004    24.347531858097586
39.839999999999996    24.041022993062615
39.880000000000003    23.769395150111233
39.920000000000002    23.532648329243372
39.960000000000001    23.330782530459025
40.000000000000000    23.163797753758192
